20 100
6 18
7 17
5 10
9 17
0 14
1 15
13 17
6 11
7 10
7 19
18 19
3 15
5 12
2 4
9 19
0 16
13 19
1 17
7 12
14 17
5 14
3 17
9 12
1 10
15 18
16 17
7 14
5 16
4 18
9 14
1 3
10 15
13 14
7 16
5 9
5 18
9 16
1 14
13 16
3 5
5 11
4 13
8 13
1 7
10 19
0 18
3 7
12 19
14 16
3 16
4 15
17 18
6 17
3 9
5 6
4 8
3 18
4 17
1 11
0 13
2 19
12 14
4 19
1 4
0 6
8 19
10 16
11 15
2 12
6 12
3 4
8 12
9 11
10 18
11 17
15 17
6 14
7 13
4 5
0 1
10 11
0 10
2 7
0 19
11 19
2 16
6 7
15 19
16 18
4 16
5 8
0 3
17 19
8 16
5 17
9 15
2 9
13 15
6 9
7 8
