20 100
3 13
8 9
0 5
5 19
8 18
9 17
13 17
6 11
3 6
3 15
14 15
2 4
0 16
13 19
1 17
1 10
16 17
7 14
5 7
3 19
5 16
10 15
13 14
1 12
12 15
5 9
4 11
5 18
1 5
1 14
13 16
2 13
3 5
12 17
3 14
5 11
8 13
1 7
2 6
13 18
1 16
0 18
2 15
7 11
11 18
6 15
4 6
12 19
3 16
4 15
10 12
1 9
0 11
2 8
1 18
2 17
6 8
3 9
14 18
10 14
1 11
0 13
2 10
6 10
6 19
12 14
3 11
4 10
4 19
8 10
1 4
2 3
1 13
9 18
2 12
6 12
3 4
12 16
4 12
9 11
2 5
10 18
0 17
6 14
4 14
0 1
8 14
10 11
0 10
0 19
2 16
11 19
6 7
15 19
7 15
5 8
5 17
9 15
11 12
7 8
