20 100
7 17
8 9
5 19
0 14
13 17
1 15
7 10
3 6
12 18
14 15
5 12
0 7
2 4
11 16
1 8
1 17
15 16
6 13
3 8
5 14
1 19
15 18
7 14
5 7
0 2
3 19
4 18
5 16
9 14
10 15
13 14
7 16
12 15
5 9
5 18
10 17
13 16
1 14
3 5
3 14
5 11
4 13
1 7
0 18
2 15
7 11
6 15
12 19
14 16
17 18
8 15
1 9
0 11
2 8
1 18
2 17
6 17
3 9
5 6
4 17
1 2
8 17
1 11
11 13
2 10
2 19
6 10
6 19
3 11
4 10
4 19
1 4
2 3
8 19
1 13
0 15
2 12
11 15
6 12
1 6
2 5
0 17
2 14
15 17
7 13
5 15
8 14
10 11
9 13
0 10
2 7
6 7
15 19
16 18
4 7
4 16
5 8
0 3
0 12
2 9
